1 621 36 557 913 839 589 246 
1 621 36 557 913 839 589 246 843
1 621 36 557 913 839 589 246 843 802 
1 621 36 557 913 839 589 246 843 802 604 
1 621 36 557 913 839 589 246 843 802 604 145 
1 621 36 557 913 839 589 246 843 802 604 145 15 
1 621 36 557 913 839 589 246 843 802 604 145 15 506 
1 621 36 557 913 839 589 246 843 802 604 145 15 
1 621 36 557 913 839 589 246 843 802 604 145 15 546 
1 621 36 557 913 839 589 246 843 802 604 145 15 546 83 
1 621 36 557 913 839 589 246 843 802 604 145 15 546 83 956 
1 621 36 557 913 839 589 246 843 802 604 145 15 
1 621 36 557 913 839 589 246 843 802 604 145 15 566 
1 621 36 557 913 839 589 246 843 802 604 145 15 566 23 
1 621 36 557 913 839 589 246 843 802 604 145 
1 621 36 557 913 839 589 246 843 802 604 145 55 
1 621 36 557 913 839 589 246 843 802 604 145 55 506 
1 621 36 557 913 839 589 246 843 802 604 145 55 506 956 
1 621 36 557 913 839 589 246 843 802 604 145 55 506 956 678 
1 621 36 557 913 839 589 246 843 802 604 145 55 506 956 678 
1 621 36 557 913 839 589 246 843 802 604 145 55 
1 621 36 557 913 839 589 246 843 802 604 145 55 546 
1 621 36 557 913 839 589 246 843 802 604 145 55 546 83 
1 621 36 557 913 839 589 246 843 802 604 145 55 546 83 956 
1 621 36 557 913 839 589 246 843 802 604 145 55 
1 621 36 557 913 839 589 246 843 802 604 145 55 566 
1 621 36 557 913 839 589 246 843 802 604 145 55 566 23 
1 621 36 557 913 839 589 246 843 802 604 145 55 566 23 956 
1 621 36 557 913 839 589 246 843 802 604 145 55 566 23 956 678 
1 621 36 557 913 839 589 246 843 802 604 145 
1 621 36 557 913 839 589 246 843 802 604 145 572 
1 621 36 557 913 839 589 246 843 802 604 145 
1 621 36 557 913 839 589 246 843 802 604 145 612 
1 621 36 557 913 839 589 246 843 802 604 145 612 451 
1 621 36 557 913 839 589 246 843 802 604 145 612 451 487 
1 621 36 557 913 839 589 246 843 802 604 
1 621 36 557 913 839 589 246 843 802 604 
1 621 36 557 913 839 589 246 843 802 604 315 
1 621 36 557 913 839 589 246 843 802 604 315 265 
1 621 36 557 913 839 589 246 843 802 604 315 265 250 
1 621 36 557 913 839 589 246 843 802 604 315 265 250 360 
1 621 36 557 913 839 589 246 843 802 604 315 265 250 360 27 
1 621 36 557 913 839 589 246 843 802 604 315 265 250 360 27 648 
1 621 36 557 913 839 589 246 843 802 604 315 265 250 360 27 648 97 
1 621 36 557 913 839 589 246 843 802 604 315 265 250 360 27 648 97 540 
1 621 36 557 913 839 589 246 843 802 604 315 265 250 360 27 648 97 540 499 
1 621 36 557 913 839 589 246 843 802 604 315 265 250 360 27 648 97 540 499 387 
1 621 36 557 913 839 589 246 843 802 604 315 265 250 360 27 648 97 540 499 
1 621 36 557 913 839 589 246 843 802 604 315 265 250 360 27 648 97 540 499 471 
1 621 36 557 913 839 589 246 843 802 604 315 265 250 360 27 648 97 540 499 471 379 
1 621 36 557 913 839 589 246 843 802 604 315 265 250 360 27 648 
1 621 36 557 913 839 589 246 843 802 604 315 265 250 360 27 
1 621 36 557 913 839 589 246 843 802 604 315 265 250 360 
1 621 36 557 913 839 589 246 843 802 604 315 265 250 360 152 
1 621 36 557 913 839 589 246 843 802 604 315 265 250 360 152 648 
1 621 36 557 913 839 589 246 843 802 604 315 265 250 360 152 648 540 
1 621 36 557 913 839 589 246 843 802 604 315 265 250 
1 621 36 557 913 839 589 246 843 802 604 315 265 250 678 
1 621 36 557 913 839 589 246 843 802 604 315 265 250 678 27 
1 621 36 557 913 839 589 246 843 802 604 315 265 250 678 27 648 
1 621 36 557 913 839 589 246 843 802 604 315 265 250 
1 621 36 557 913 839 589 246 843 802 604 315 265 250 838 
1 621 36 557 913 839 589 246 843 802 604 315 265 250 838 560 
1 621 36 557 913 839 589 246 843 802 604 315 265 
1 621 36 557 913 839 589 246 843 802 604 315 265 572 
1 621 36 557 913 839 589 246 843 802 604 315 
1 621 36 557 913 839 589 246 843 802 604 315 428 
1 621 36 557 913 839 589 246 843 802 604 315 428 360 
1 621 36 557 913 839 589 246 843 802 604 315 428 360 250 
1 621 36 557 913 839 589 246 843 802 604 315 428 360 250 27 
1 621 36 557 913 839 589 246 843 802 604 315 428 360 250 27 300 
1 621 36 557 913 839 589 246 843 802 604 315 428 360 250 27 
1 621 36 557 913 839 589 246 843 802 604 315 428 360 250 27 464 
1 621 36 557 913 839 589 246 843 802 604 315 428 360 250 
1 621 36 557 913 839 589 246 843 802 604 315 428 360 250 152 
1 621 36 557 913 839 589 246 843 802 604 315 428 360 250 152 648 
1 621 36 557 913 839 589 246 843 802 604 315 428 360 250 152 
1 621 36 557 913 839 589 246 843 802 604 315 428 360 250 
1 621 36 557 913 839 589 246 843 802 604 
1 621 36 557 913 839 589 246 843 802 604 436 
1 621 36 557 913 839 589 246 843 802 604 436 27 
1 621 36 557 913 839 589 246 843 802 604 436 27 195 
1 621 36 557 913 839 589 246 843 802 604 436 27 195 40 
1 621 36 557 913 839 589 246 843 802 604 436 27 195 
1 621 36 557 913 839 589 246 843 802 604 436 27 195 80 
1 621 36 557 913 839 589 246 843 802 604 436 27 195 80 424 
1 621 36 557 913 839 589 246 843 802 604 436 27 195 80 424 250 
1 621 36 557 913 839 589 246 843 802 604 436 27 195 
1 621 36 557 913 839 589 246 843 802 604 436 27 195 520 
1 621 36 557 913 839 589 246 843 802 604 436 27 195 520 
1 621 36 557 913 839 589 246 843 802 604 436 27 195 
1 621 36 557 913 839 589 246 843 802 604 436 27 195 560 
1 621 36 557 913 839 589 246 843 802 604 436 27 195 560 300 
1 621 36 557 913 839 589 246 843 802 604 436 27 195 560 300 250 
1 621 36 557 913 839 589 246 843 802 604 436 27 
1 621 36 557 913 839 589 246 843 802 604 436 27 265 
1 621 36 557 913 839 589 246 843 802 604 436 27 265 512 
1 621 36 557 913 839 589 246 843 802 604 436 27 265 512 250 
1 621 36 557 913 839 589 246 843 802 604 436 27 
1 621 36 557 913 839 589 246 843 802 604 436 27 
1 621 36 557 913 839 589 246 843 802 604 436 27 428 
1 621 36 557 913 839 589 246 843 802 604 436 27 428 250 
1 621 36 557 913 839 589 246 843 802 604 436 
1 621 36 557 913 839 589 246 843 802 604 436 152 
1 621 36 557 913 839 589 246 843 802 604 436 152 648 
1 621 36 557 913 839 589 246 843 802 604 436 152 648 250 
1 621 36 557 913 839 589 246 843 802 604 436 152 648 250 650 
1 621 36 557 913 839 589 246 843 802 604 436 152 648 250 650 700 
1 621 36 557 913 839 589 246 843 802 604 436 152 648 250 
1 621 36 557 913 839 589 246 843 802 604 436 152 
1 621 36 557 913 839 589 246 843 802 604 436 152 688 
1 621 36 557 913 839 589 246 843 802 604 436 152 688 928 
1 621 36 557 913 839 589 246 843 802 604 436 152 
1 621 36 557 913 839 589 246 843 802 604 436 152 808 
1 621 36 557 913 839 589 246 843 802 604 436 152 
1 621 36 557 913 839 589 246 843 802 604 436 152 848 
1 621 36 557 913 839 589 246 843 802 604 436 152 848 538 
1 621 36 557 913 839 589 246 843 802 604 436 152 848 538 195 
1 621 36 557 913 839 589 246 843 802 604 436 152 848 538 195 15 
1 621 36 557 913 839 589 246 843 802 604 436 152 848 538 195 15 
1 621 36 557 913 839 589 246 843 802 604 436 152 848 538 195 
1 621 36 557 913 839 589 246 843 802 604 436 152 848 538 195 
1 621 36 557 913 839 589 246 843 802 604 436 152 848 538 195 572 
1 621 36 557 913 839 589 246 843 802 604 436 152 848 538 195 
1 621 36 557 913 839 589 246 843 802 604 436 152 848 538 195 612 
1 621 36 557 913 839 589 246 843 802 604 436 152 848 538 195 612 
1 621 36 557 913 839 589 246 843 802 604 436 152 848 538 
1 621 36 557 913 839 589 246 843 802 604 436 152 848 538 265 
1 621 36 557 913 839 589 246 843 802 604 436 152 848 538 
1 621 36 557 913 839 589 246 843 802 604 436 152 848 538 
1 621 36 557 913 839 589 246 843 802 604 436 152 848 538 428 
1 621 36 557 913 839 589 246 843 802 604 436 152 848 538 428 
1 621 36 557 913 839 589 246 843 802 604 436 152 848 538 
1 621 36 557 913 839 589 246 843 802 604 436 
1 621 36 557 913 839 589 246 843 802 604 436 
1 621 36 557 913 839 589 246 843 802 604 
1 621 36 557 913 839 589 246 843 802 604 476 
1 621 36 557 913 839 589 246 843 802 604 476 27 
1 621 36 557 913 839 589 246 843 802 604 476 27 265 
1 621 36 557 913 839 589 246 843 802 604 476 27 265 250 
1 621 36 557 913 839 589 246 843 802 604 476 27 265 250 
1 621 36 557 913 839 589 246 843 802 604 476 27 265 
1 621 36 557 913 839 589 246 843 802 604 476 27 
1 621 36 557 913 839 589 246 843 802 604 476 27 305 
1 621 36 557 913 839 589 246 843 802 604 476 27 305 588 
1 621 36 557 913 839 589 246 843 802 604 476 27 305 588 572 
1 621 36 557 913 839 589 246 843 802 604 476 27 
1 621 36 557 913 839 589 246 843 802 604 476 27 
1 621 36 557 913 839 589 246 843 802 604 476 27 468 
1 621 36 557 913 839 589 246 843 802 604 476 27 468 
1 621 36 557 913 839 589 246 843 802 604 476 27 468 
1 621 36 557 913 839 589 246 843 802 604 476 27 468 250 
1 621 36 557 913 839 589 246 843 802 604 476 27 468 250 109 
1 621 36 557 913 839 589 246 843 802 604 476 27 468 250 
1 621 36 557 913 839 589 246 843 802 604 476 27 468 250 
1 621 36 557 913 839 589 246 843 802 604 476 
1 621 36 557 913 839 589 246 843 802 604 476 152 
1 621 36 557 913 839 589 246 843 802 604 476 152 648 
1 621 36 557 913 839 589 246 843 802 604 476 152 648 250 
1 621 36 557 913 839 589 246 843 802 604 476 152 648 250 
1 621 36 557 913 839 589 246 843 802 604 476 152 648 250 650 
1 621 36 557 913 839 589 246 843 802 604 476 152 648 250 650 700 
1 621 36 557 913 839 589 246 843 802 604 476 152 648 250 
1 621 36 557 913 839 589 246 843 802 604 476 152 
1 621 36 557 913 839 589 246 843 802 604 476 152 688 
1 621 36 557 913 839 589 246 843 802 604 476 152 688 928 
1 621 36 557 913 839 589 246 843 802 604 476 152 688 928 
1 621 36 557 913 839 589 246 843 802 604 476 152 
1 621 36 557 913 839 589 246 843 802 604 476 152 808 
1 621 36 557 913 839 589 246 843 802 604 476 152 808 
1 621 36 557 913 839 589 246 843 802 604 476 152 
1 621 36 557 913 839 589 246 843 802 604 476 152 848 
1 621 36 557 913 839 589 246 843 802 604 476 152 848 538 
1 621 36 557 913 839 589 246 843 802 604 476 152 848 538 265 
1 621 36 557 913 839 589 246 843 802 604 476 152 848 538 
1 621 36 557 913 839 589 246 843 802 604 476 152 848 538 305 
1 621 36 557 913 839 589 246 843 802 604 476 152 848 538 305 572 
1 621 36 557 913 839 589 246 843 802 604 476 152 848 538 
1 621 36 557 913 839 589 246 843 802 604 476 152 848 538 
1 621 36 557 913 839 589 246 843 802 604 476 152 848 538 468 
1 621 36 557 913 839 589 246 843 802 604 476 152 848 538 468 
1 621 36 557 913 839 589 246 843 802 604 476 
1 621 36 557 913 839 589 246 843 802 604 476 
1 621 36 557 913 839 589 246 843 802 604 476 756 
1 621 36 557 913 839 589 246 843 802 604 476 756 265 
1 621 36 557 913 839 589 246 843 802 604 476 756 265 250 
1 621 36 557 913 839 589 246 843 802 604 476 756 265 250 350 
1 621 36 557 913 839 589 246 843 802 604 476 756 265 250 350 546 
1 621 36 557 913 839 589 246 843 802 604 476 756 265 250 350 546 83 
1 621 36 557 913 839 589 246 843 802 604 476 756 265 250 
1 621 36 557 913 839 589 246 843 
1 621 36 557 913 839 589 246 843 842 
1 621 36 557 913 839 589 246 843 842 5 
1 621 36 557 913 839 589 246 843 842 5 
1 621 36 557 913 839 589 246 843 842 5 906 
1 621 36 557 913 839 589 246 843 842 5 906 
1 621 36 557 913 839 589 246 843 842 5 
1 621 36 557 913 839 589 246 843 842 5 946 
1 621 36 557 913 839 589 246 843 842 5 946 
1 621 36 557 913 839 589 246 843 842 
1 621 36 557 913 839 589 246 843 842 45 
1 621 36 557 913 839 589 246 843 842 45 484 
1 621 36 557 913 839 589 246 843 842 45 484 315 
1 621 36 557 913 839 589 246 843 842 45 484 315 
1 621 36 557 913 839 589 246 843 842 45 484 315 612 
1 621 36 557 913 839 589 246 843 842 45 484 315 612 
1 621 36 557 913 839 589 246 843 842 45 484 
1 621 36 557 913 839 589 246 843 842 45 484 436 
1 621 36 557 913 839 589 246 843 842 45 484 436 27 
1 621 36 557 913 839 589 246 843 842 45 484 436 27 
1 621 36 557 913 839 589 246 843 842 45 484 436 27 
1 621 36 557 913 839 589 246 843 842 45 484 436 27 572 
1 621 36 557 913 839 589 246 843 842 45 484 436 27 
1 621 36 557 913 839 589 246 843 842 45 484 436 27 612 
1 621 36 557 913 839 589 246 843 842 45 484 436 
1 621 36 557 913 839 589 246 843 842 45 484 436 152 
1 621 36 557 913 839 589 246 843 842 45 484 436 152 
1 621 36 557 913 839 589 246 843 842 45 484 436 152 
1 621 36 557 913 839 589 246 843 842 45 484 436 
1 621 36 557 913 839 589 246 843 842 45 484 436 
1 621 36 557 913 839 589 246 843 842 45 484 
1 621 36 557 913 839 589 246 843 842 45 484 476 
1 621 36 557 913 839 589 246 843 842 45 484 476 27 
1 621 36 557 913 839 589 246 843 842 45 484 476 27 
1 621 36 557 913 839 589 246 843 842 45 484 476 27 
1 621 36 557 913 839 589 246 843 842 45 484 476 27 
1 621 36 557 913 839 589 246 843 842 45 484 476 
1 621 36 557 913 839 589 246 843 842 45 484 476 152 
1 621 36 557 913 839 589 246 843 842 45 484 476 152 
1 621 36 557 913 839 589 246 843 842 45 484 476 152 
1 621 36 557 913 839 589 246 843 842 45 484 476 
1 621 36 557 913 839 589 246 843 842 45 484 476 
1 621 36 557 913 839 589 246 843 842 45 484 476 756 
1 621 36 557 913 839 589 246 843 842 45 
1 621 36 557 913 839 589 246 843 842 45 
1 621 36 557 913 839 589 246 843 842 45 898 
1 621 36 557 913 839 589 246 843 842 45 898 44 
1 621 36 557 913 839 589 246 843 842 45 
1 621 36 557 913 839 589 246 843 842 45 938 
1 621 36 557 913 839 589 246 843 842 45 938 563 
1 621 36 557 913 839 589 246 843 842 45 938 563 946 
1 621 36 557 913 839 589 246 843 842 45 938 563 946 
1 621 36 557 913 839 589 246 843 842 
1 621 36 557 913 839 589 246 843 842 
1 621 36 557 913 839 589 246 843 842 604 
1 621 36 557 913 839 589 246 843 842 604 44 
1 621 36 557 913 839 589 246 843 842 604 44 27 
1 621 36 557 913 839 589 246 843 842 604 44 27 23 
1 621 36 557 913 839 589 246 843 842 604 44 27 23 68 
1 621 36 557 913 839 589 246 843 842 604 44 27 23 
1 621 36 557 913 839 589 246 843 842 604 44 27 23 
1 621 36 557 913 839 589 246 843 842 604 44 27 23 153 
1 621 36 557 913 839 589 246 843 842 604 44 27 23 153 97 
1 621 36 557 913 839 589 246 843 842 604 44 27 23 
1 621 36 557 913 839 589 246 843 842 604 44 27 23 
1 621 36 557 913 839 589 246 843 842 604 44 27 23 631 
1 621 36 557 913 839 589 246 843 842 604 44 27 23 631 188 
1 621 36 557 913 839 589 246 843 842 604 44 27 23 631 188 97 
1 621 36 557 913 839 589 246 843 842 604 44 27 23 631 188 97 499 
1 621 36 557 913 839 589 246 843 842 604 44 27 23 631 188 97 499 335 
1 621 36 557 913 839 589 246 843 842 604 44 27 23 631 188 97 499 335 808 
1 621 36 557 913 839 589 246 843 842 604 44 27 23 631 188 97 499 335 808 
1 621 36 557 913 839 589 246 843 842 604 44 27 23 631 188 97 499 335 808 616 
1 621 36 557 913 839 589 246 843 842 604 44 27 23 631 188 
1 621 36 557 913 839 589 246 843 842 604 44 27 23 631 
1 621 36 557 913 839 589 246 843 842 604 44 27 23 631 
1 621 36 557 913 839 589 246 843 842 604 44 27 23 631 
1 621 36 557 913 839 589 246 843 842 604 44 27 23 631 343 
1 621 36 557 913 839 589 246 843 842 604 44 27 23 631 343 
1 621 36 557 913 839 589 246 843 842 604 44 27 
1 621 36 557 913 839 589 246 843 842 604 44 27 
1 621 36 557 913 839 589 246 843 842 604 44 27 
1 621 36 557 913 839 589 246 843 842 604 44 
1 621 36 557 913 839 589 246 843 842 604 44 
1 621 36 557 913 839 589 246 843 842 604 44 
1 621 36 557 913 839 589 246 843 842 604 
1 621 36 557 913 839 589 246 843 842 604 563 
1 621 36 557 913 839 589 246 843 842 604 563 145 
1 621 36 557 913 839 589 246 843 842 604 563 145 15 
1 621 36 557 913 839 589 246 843 842 604 563 145 15 
1 621 36 557 913 839 589 246 843 842 604 563 145 15 506 
1 621 36 557 913 839 589 246 843 842 604 563 145 15 
1 621 36 557 913 839 589 246 843 842 604 563 145 15 546 
1 621 36 557 913 839 589 246 843 842 604 563 145 15 546 956 
1 621 36 557 913 839 589 246 843 842 604 563 145 
1 621 36 557 913 839 589 246 843 842 604 563 145 55 
1 621 36 557 913 839 589 246 843 842 604 563 145 55 
1 621 36 557 913 839 589 246 843 842 604 563 145 55 506 
1 621 36 557 913 839 589 246 843 842 604 563 145 55 506 956 
1 621 36 557 913 839 589 246 843 842 604 563 145 55 506 956 678 
1 621 36 557 913 839 589 246 843 842 604 563 145 55 
1 621 36 557 913 839 589 246 843 842 604 563 145 55 546 
1 621 36 557 913 839 589 246 843 842 604 563 145 55 546 956 
1 621 36 557 913 839 589 246 843 842 604 563 145 
1 621 36 557 913 839 589 246 843 842 604 563 145 572 
1 621 36 557 913 839 589 246 843 842 604 563 145 572 
1 621 36 557 913 839 589 246 843 842 604 563 145 572 627 
1 621 36 557 913 839 589 246 843 842 604 563 145 572 627 27 
1 621 36 557 913 839 589 246 843 842 604 563 145 572 627 27 
1 621 36 557 913 839 589 246 843 842 604 563 145 
1 621 36 557 913 839 589 246 843 842 604 563 145 612 
1 621 36 557 913 839 589 246 843 842 604 563 145 612 155 
1 621 36 557 913 839 589 246 843 842 604 563 145 612 155 
1 621 36 557 913 839 589 246 843 842 604 563 145 612 155 506 
1 621 36 557 913 839 589 246 843 842 604 563 145 612 155 
1 621 36 557 913 839 589 246 843 842 604 563 145 612 
1 621 36 557 913 839 589 246 843 842 604 563 145 612 280 
1 621 36 557 913 839 589 246 843 842 604 563 145 612 280 360 
1 621 36 557 913 839 589 246 843 842 604 563 145 612 280 360 627 
1 621 36 557 913 839 589 246 843 842 604 563 145 612 280 360 627 27 
1 621 36 557 913 839 589 246 843 842 604 563 145 612 280 360 627 27 375 
1 621 36 557 913 839 589 246 843 842 604 563 145 612 280 360 627 27 375 616 
1 621 36 557 913 839 589 246 843 842 604 563 
1 621 36 557 913 839 589 246 843 842 604 563 
1 621 36 557 913 839 589 246 843 842 604 563 315 
1 621 36 557 913 839 589 246 843 842 604 563 315 265 
1 621 36 557 913 839 589 246 843 842 604 563 315 265 250 
1 621 36 557 913 839 589 246 843 842 604 563 315 265 250 27 
1 621 36 557 913 839 589 246 843 842 604 563 315 265 250 27 360 
1 621 36 557 913 839 589 246 843 842 604 563 315 265 250 27 360 
1 621 36 557 913 839 589 246 843 842 604 563 315 265 250 27 360 
1 621 36 557 913 839 589 246 843 842 604 563 315 265 250 27 360 648 
1 621 36 557 913 839 589 246 843 842 604 563 315 265 250 27 360 648 97 
1 621 36 557 913 839 589 246 843 842 604 563 315 265 250 27 360 648 97 540 
1 621 36 557 913 839 589 246 843 842 604 563 315 265 250 27 360 648 97 540 
1 621 36 557 913 839 589 246 843 842 604 563 315 265 250 27 360 648 97 540 
1 621 36 557 913 839 589 246 843 842 604 563 315 265 250 27 360 648 
1 621 36 557 913 839 589 246 843 842 604 563 315 265 250 27 360 648 454 
1 621 36 557 913 839 589 246 843 842 604 563 315 265 250 27 360 648 454 824 
1 621 36 557 913 839 589 246 843 842 604 563 315 265 250 27 360 648 454 
1 621 36 557 913 839 589 246 843 842 604 563 315 265 250 27 360 648 454 864 
1 621 36 557 913 839 589 246 843 842 604 563 315 265 250 27 360 648 
1 621 36 557 913 839 589 246 843 842 604 563 315 265 250 27 360 
1 621 36 557 913 839 589 246 843 842 604 563 315 265 250 27 
1 621 36 557 913 839 589 246 843 842 604 563 315 265 250 27 678 
1 621 36 557 913 839 589 246 843 842 604 563 315 265 250 27 678 648 
1 621 36 557 913 839 589 246 843 842 604 563 315 265 250 27 678 648 454 
1 621 36 557 913 839 589 246 843 842 604 563 315 265 250 27 678 648 454 
1 621 36 557 913 839 589 246 843 842 604 563 315 265 250 27 678 648 
1 621 36 557 913 839 589 246 843 842 604 563 315 265 250 27 678 
1 621 36 557 913 839 589 246 843 842 604 563 315 265 250 
1 621 36 557 913 839 589 246 843 842 604 563 315 265 250 506 
1 621 36 557 913 839 589 246 843 842 604 563 315 265 250 506 152 
1 621 36 557 913 839 589 246 843 842 604 563 315 265 250 506 152 360 
1 621 36 557 913 839 589 246 843 842 604 563 315 265 250 506 152 360 648 
1 621 36 557 913 839 589 246 843 842 604 563 315 265 250 506 152 360 648 
1 621 36 557 913 839 589 246 843 842 604 563 315 265 250 506 152 360 
1 621 36 557 913 839 589 246 843 842 604 563 315 265 250 506 
1 621 36 557 913 839 589 246 843 842 604 563 315 265 250 
1 621 36 557 913 839 589 246 843 842 604 563 315 265 250 546 
1 621 36 557 913 839 589 246 843 842 604 563 315 265 250 546 350 
1 621 36 557 913 839 589 246 843 842 604 563 315 265 250 546 350 838 
1 621 36 557 913 839 589 246 843 842 604 563 315 265 250 546 350 838 
1 621 36 557 913 839 589 246 843 842 604 563 315 265 250 546 
1 621 36 557 913 839 589 246 843 842 604 563 315 265 250 546 390 
1 621 36 557 913 839 589 246 843 842 604 563 315 265 250 546 390 838 
1 621 36 557 913 839 589 246 843 842 604 563 315 265 250 546 390 838 648 
1 621 36 557 913 839 589 246 843 842 604 563 315 265 250 546 390 838 648 97 
1 621 36 557 913 839 589 246 843 842 604 563 315 265 250 546 390 838 
1 621 36 557 913 839 589 246 843 842 604 563 315 265 
1 621 36 557 913 839 589 246 843 842 604 563 315 265 572 
1 621 36 557 913 839 589 246 843 842 604 563 315 265 572 
1 621 36 557 913 839 589 246 843 842 604 563 315 
1 621 36 557 913 839 589 246 843 842 604 563 315 428 
1 621 36 557 913 839 589 246 843 842 604 563 315 428 360 
1 621 36 557 913 839 589 246 843 842 604 563 315 428 360 250 
1 621 36 557 913 839 589 246 843 842 604 563 315 428 360 250 27 
1 621 36 557 913 839 589 246 843 842 604 563 315 428 360 250 27 300 
1 621 36 557 913 839 589 246 843 842 604 563 315 428 360 250 27 300 
1 621 36 557 913 839 589 246 843 842 604 563 315 428 360 250 27 
1 621 36 557 913 839 589 246 843 842 604 563 315 428 360 250 27 
1 621 36 557 913 839 589 246 843 842 604 563 315 428 360 250 27 464 
1 621 36 557 913 839 589 246 843 842 604 563 315 428 360 250 
1 621 36 557 913 839 589 246 843 842 604 563 315 428 360 250 152 
1 621 36 557 913 839 589 246 843 842 604 563 315 428 360 250 152 506 
1 621 36 557 913 839 589 246 843 842 604 563 315 428 360 250 152 506 648 
1 621 36 557 913 839 589 246 843 842 604 563 315 428 360 250 152 506 648 
1 621 36 557 913 839 589 246 843 842 604 563 315 428 360 250 152 506 
1 621 36 557 913 839 589 246 843 842 604 563 315 428 360 250 152 
1 621 36 557 913 839 589 246 843 842 604 563 315 428 360 250 
1 621 36 557 913 839 589 246 843 842 604 563 
1 621 36 557 913 839 589 246 843 842 604 563 436 
1 621 36 557 913 839 589 246 843 842 604 563 436 27 
1 621 36 557 913 839 589 246 843 842 604 563 436 27 
1 621 36 557 913 839 589 246 843 842 604 563 436 27 
1 621 36 557 913 839 589 246 843 842 604 563 436 27 
1 621 36 557 913 839 589 246 843 842 604 563 436 27 587 
1 621 36 557 913 839 589 246 843 842 604 563 436 27 587 113 
1 621 36 557 913 839 589 246 843 842 604 563 436 27 587 113 97 
1 621 36 557 913 839 589 246 843 842 604 563 436 27 587 113 97 375 
1 621 36 557 913 839 589 246 843 842 604 563 436 27 587 113 97 375 471 
1 621 36 557 913 839 589 246 843 842 604 563 436 27 587 
1 621 36 557 913 839 589 246 843 842 604 563 436 27 587 
1 621 36 557 913 839 589 246 843 842 604 563 436 27 587 591 
1 621 36 557 913 839 589 246 843 842 604 563 436 27 587 591 178 
1 621 36 557 913 839 589 246 843 842 604 563 436 27 587 591 178 97 
1 621 36 557 913 839 589 246 843 842 604 563 436 27 587 591 178 97 471 
1 621 36 557 913 839 589 246 843 842 604 563 436 27 587 591 178 97 471 539 
1 621 36 557 913 839 589 246 843 842 604 563 436 27 587 591 178 97 471 539 808 
1 621 36 557 913 839 589 246 843 842 604 563 436 27 587 591 
1 621 36 557 913 839 589 246 843 842 604 563 436 27 587 591 288 
1 621 36 557 913 839 589 246 843 842 604 563 436 27 587 591 
1 621 36 557 913 839 589 246 843 842 604 563 436 27 587 591 335 
1 621 36 557 913 839 589 246 843 842 604 563 436 27 587 591 335 97 
1 621 36 557 913 839 589 246 843 842 604 563 436 27 587 591 335 
1 621 36 557 913 839 589 246 843 842 604 563 436 27 587 591 
1 621 36 557 913 839 589 246 843 842 604 563 436 27 587 591 454 
1 621 36 557 913 839 589 246 843 842 604 563 436 27 587 591 454 648 
1 621 36 557 913 839 589 246 843 842 604 563 436 27 587 591 454 648 250 
1 621 36 557 913 839 589 246 843 842 604 563 436 27 587 591 454 648 250 
1 621 36 557 913 839 589 246 843 842 604 563 436 27 587 591 454 
1 621 36 557 913 839 589 246 843 842 604 563 436 27 587 591 454 808 
1 621 36 557 913 839 589 246 843 842 604 563 436 27 587 591 454 808 690 
1 621 36 557 913 839 589 246 843 842 604 563 436 27 587 591 454 808 690 864 
1 621 36 557 913 839 589 246 843 842 604 563 436 27 587 591 454 808 690 864 
1 621 36 557 913 839 589 246 843 842 604 563 436 27 587 591 454 808 690 864 872 
1 621 36 557 913 839 589 246 843 842 604 563 436 27 587 591 454 
1 621 36 557 913 839 589 246 843 842 604 563 436 27 587 
1 621 36 557 913 839 589 246 843 842 604 563 436 27 
1 621 36 557 913 839 589 246 843 842 604 563 436 27 627 
1 621 36 557 913 839 589 246 843 842 604 563 436 27 627 195 
1 621 36 557 913 839 589 246 843 842 604 563 436 27 627 195 40 
1 621 36 557 913 839 589 246 843 842 604 563 436 27 627 195 
1 621 36 557 913 839 589 246 843 842 604 563 436 27 627 195 80 
1 621 36 557 913 839 589 246 843 842 604 563 436 27 627 195 
1 621 36 557 913 839 589 246 843 842 604 563 436 27 627 195 520 
1 621 36 557 913 839 589 246 843 842 604 563 436 27 627 195 520 
1 621 36 557 913 839 589 246 843 842 604 563 436 27 627 195 
1 621 36 557 913 839 589 246 843 842 604 563 436 27 627 
1 621 36 557 913 839 589 246 843 842 604 563 436 27 627 265 
1 621 36 557 913 839 589 246 843 842 604 563 436 27 627 265 512 
1 621 36 557 913 839 589 246 843 842 604 563 436 27 627 265 512 250 
1 621 36 557 913 839 589 246 843 842 604 563 436 27 627 265 512 250 
1 621 36 557 913 839 589 246 843 842 604 563 436 27 627 
1 621 36 557 913 839 589 246 843 842 604 563 436 27 627 
1 621 36 557 913 839 589 246 843 842 604 563 436 
1 621 36 557 913 839 589 246 843 842 604 563 436 152 
1 621 36 557 913 839 589 246 843 842 604 563 436 152 648 
1 621 36 557 913 839 589 246 843 842 604 563 436 152 648 250 
1 621 36 557 913 839 589 246 843 842 604 563 436 152 648 250 
1 621 36 557 913 839 589 246 843 842 604 563 436 152 648 250 650 
1 621 36 557 913 839 589 246 843 842 604 563 436 152 648 250 650 700 
1 621 36 557 913 839 589 246 843 842 604 563 436 152 648 250 
1 621 36 557 913 839 589 246 843 842 604 563 436 152 
1 621 36 557 913 839 589 246 843 842 604 563 436 152 688 
1 621 36 557 913 839 589 246 843 842 604 563 436 152 688 928 
1 621 36 557 913 839 589 246 843 842 604 563 436 152 688 928 
1 621 36 557 913 839 589 246 843 842 604 563 436 152 
1 621 36 557 913 839 589 246 843 842 604 563 436 152 808 
1 621 36 557 913 839 589 246 843 842 604 563 436 152 808 
1 621 36 557 913 839 589 246 843 842 604 563 436 152 
1 621 36 557 913 839 589 246 843 842 604 563 436 152 848 
1 621 36 557 913 839 589 246 843 842 604 563 436 152 848 538 
1 621 36 557 913 839 589 246 843 842 604 563 436 152 848 538 
1 621 36 557 913 839 589 246 843 842 604 563 436 152 848 538 153 
1 621 36 557 913 839 589 246 843 842 604 563 436 152 848 538 153 
1 621 36 557 913 839 589 246 843 842 604 563 436 152 848 538 153 
1 621 36 557 913 839 589 246 843 842 604 563 436 152 848 538 
1 621 36 557 913 839 589 246 843 842 604 563 436 152 848 538 
1 621 36 557 913 839 589 246 843 842 604 563 436 152 848 538 575 
1 621 36 557 913 839 589 246 843 842 604 563 436 152 848 538 575 520 
1 621 36 557 913 839 589 246 843 842 604 563 436 152 848 538 575 520 344 
1 621 36 557 913 839 589 246 843 842 604 563 436 152 848 538 575 520 
1 621 36 557 913 839 589 246 843 842 604 563 436 152 848 538 575 
1 621 36 557 913 839 589 246 843 842 604 563 436 152 848 538 575 560 
1 621 36 557 913 839 589 246 843 842 604 563 436 152 848 538 575 560 189 
1 621 36 557 913 839 589 246 843 842 604 563 436 152 848 538 575 560 189 
1 621 36 557 913 839 589 246 843 842 604 563 436 152 848 538 575 560 
1 621 36 557 913 839 589 246 843 842 604 563 436 
1 621 36 557 913 839 589 246 843 842 604 563 436 
1 621 36 557 913 839 589 246 843 842 604 563 
1 621 36 557 913 839 589 246 843 842 604 563 476 
1 621 36 557 913 839 589 246 843 842 604 563 476 27 
1 621 36 557 913 839 589 246 843 842 604 563 476 27 265 
1 621 36 557 913 839 589 246 843 842 604 563 476 27 265 250 
1 621 36 557 913 839 589 246 843 842 604 563 476 27 265 250 
1 621 36 557 913 839 589 246 843 842 604 563 476 27 265 
1 621 36 557 913 839 589 246 843 842 604 563 476 27 
1 621 36 557 913 839 589 246 843 842 604 563 476 27 305 
1 621 36 557 913 839 589 246 843 842 604 563 476 27 305 588 
1 621 36 557 913 839 589 246 843 842 604 563 476 27 
1 621 36 557 913 839 589 246 843 842 604 563 476 27 
1 621 36 557 913 839 589 246 843 842 604 563 476 27 468 
1 621 36 557 913 839 589 246 843 842 604 563 476 27 468 
1 621 36 557 913 839 589 246 843 842 604 563 476 27 468 
1 621 36 557 913 839 589 246 843 842 604 563 476 27 468 250 
1 621 36 557 913 839 589 246 843 842 604 563 476 27 468 250 
1 621 36 557 913 839 589 246 843 842 604 563 476 27 468 250 507 
1 621 36 557 913 839 589 246 843 842 604 563 476 27 468 250 507 278 
1 621 36 557 913 839 589 246 843 842 604 563 476 27 468 250 507 278 415 
1 621 36 557 913 839 589 246 843 842 604 563 476 27 468 250 507 278 415 648 
1 621 36 557 913 839 589 246 843 842 604 563 476 27 468 250 
1 621 36 557 913 839 589 246 843 842 604 563 476 27 468 250 547 
1 621 36 557 913 839 589 246 843 842 604 563 476 27 468 250 547 
1 621 36 557 913 839 589 246 843 842 604 563 476 
1 621 36 557 913 839 589 246 843 842 604 563 476 152 
1 621 36 557 913 839 589 246 843 842 604 563 476 152 648 
1 621 36 557 913 839 589 246 843 842 604 563 476 152 648 250 
1 621 36 557 913 839 589 246 843 842 604 563 476 152 648 250 
1 621 36 557 913 839 589 246 843 842 604 563 476 152 648 250 650 
1 621 36 557 913 839 589 246 843 842 604 563 476 152 648 250 650 700 
1 621 36 557 913 839 589 246 843 842 604 563 476 152 648 250 
1 621 36 557 913 839 589 246 843 842 604 563 476 152 
1 621 36 557 913 839 589 246 843 842 604 563 476 152 688 
1 621 36 557 913 839 589 246 843 842 604 563 476 152 688 928 
1 621 36 557 913 839 589 246 843 842 604 563 476 152 688 928 
1 621 36 557 913 839 589 246 843 842 604 563 476 152 
1 621 36 557 913 839 589 246 843 842 604 563 476 152 808 
1 621 36 557 913 839 589 246 843 842 604 563 476 152 808 
1 621 36 557 913 839 589 246 843 842 604 563 476 152 
1 621 36 557 913 839 589 246 843 842 604 563 476 152 848 
1 621 36 557 913 839 589 246 843 842 604 563 476 152 848 538 
1 621 36 557 913 839 589 246 843 842 604 563 476 152 848 538 
1 621 36 557 913 839 589 246 843 842 604 563 476 152 848 538 153 
1 621 36 557 913 839 589 246 843 842 604 563 476 152 848 538 153 
1 621 36 557 913 839 589 246 843 842 604 563 476 152 848 538 153 
1 621 36 557 913 839 589 246 843 842 604 563 476 152 848 538 
1 621 36 557 913 839 589 246 843 842 604 563 476 152 848 538 
1 621 36 557 913 839 589 246 843 842 604 563 476 152 848 538 575 
1 621 36 557 913 839 589 246 843 842 604 563 476 152 848 538 575 520 
1 621 36 557 913 839 589 246 843 842 604 563 476 152 848 538 575 520 344 
1 621 36 557 913 839 589 246 843 842 604 563 476 152 848 538 575 520 
1 621 36 557 913 839 589 246 843 842 604 563 476 152 848 538 575 
1 621 36 557 913 839 589 246 843 842 604 563 476 152 848 538 575 560 
1 621 36 557 913 839 589 246 843 842 604 563 476 152 848 538 575 560 189 
1 621 36 557 913 839 589 246 843 842 604 563 476 152 848 538 575 560 189 
1 621 36 557 913 839 589 246 843 842 604 563 476 152 848 538 575 560 
1 621 36 557 913 839 589 246 843 842 604 563 476 
1 621 36 557 913 839 589 246 843 842 604 563 476 
1 621 36 557 913 839 589 246 843 842 604 563 476 756 
1 621 36 557 913 839 589 246 843 842 604 563 476 756 350 
1 621 36 557 913 839 589 246 843 842 604 563 476 756 350 265 
1 621 36 557 913 839 589 246 843 842 604 563 476 756 350 265 250 
1 621 36 557 913 839 589 246 843 842 604 563 476 756 350 265 250 546 
1 621 36 557 913 839 589 246 
1 621 36 557 913 839 589 246 881
1 621 36 557 913 839 589 246 881 646 
1 621 36 557 913 839 589 246 881 646 170 
1 621 36 557 913 839 589 246 881 646 170 97 
1 621 36 557 913 839 589 246 881 646 170 97 808 
1 621 36 557 913 839 589 246 881 646 170 97 808 
1 621 36 557 913 839 589 246 881 646 170 97 808 
1 621 36 557 913 839 589 246 881 646 170 97 808 499 
1 621 36 557 913 839 589 246 881 646 170 97 808 499 299 
1 621 36 557 913 839 589 246 881 646 170 97 808 499 299 270 
1 621 36 557 913 839 589 246 881 646 170 97 808 499 299 270 105 
1 621 36 557 913 839 589 246 881 646 170 97 808 499 299 270 105 564 
1 621 36 557 913 839 589 246 881 646 170 97 808 499 299 
1 621 36 557 913 839 589 246 881 646 170 97 808 499 
1 621 36 557 913 839 589 246 881 646 170 97 808 
1 621 36 557 913 839 589 246 881 646 170 97 808 539 
1 621 36 557 913 839 589 246 881 646 170 97 808 539 114 
1 621 36 557 913 839 589 246 881 646 170 97 808 539 
1 621 36 557 913 839 589 246 881 646 170 97 808 539 
1 621 36 557 913 839 589 246 881 646 170 97 808 539 
1 621 36 557 913 839 589 246 881 646 170 97 
1 621 36 557 913 839 589 246 881 646 170 97 848 
1 621 36 557 913 839 589 246 881 646 170 97 848 258 
1 621 36 557 913 839 589 246 881 646 170 97 848 258 23 
1 621 36 557 913 839 589 246 881 646 170 97 848 258 23 463 
1 621 36 557 913 839 589 246 881 646 170 97 848 258 23 463 566 
1 621 36 557 913 839 589 246 881 646 170 97 848 258 23 463 566 59 
1 621 36 557 913 839 589 246 881 646 170 97 848 258 23 463 566 59 
1 621 36 557 913 839 589 246 881 646 170 97 848 258 23 463 566 59 471 
1 621 36 557 913 839 589 246 881 646 170 97 848 258 
1 621 36 557 913 839 589 246 881 646 170 97 848 258 83 
1 621 36 557 913 839 589 246 881 646 170 97 848 258 83 27 
1 621 36 557 913 839 589 246 881 646 170 97 848 258 83 
1 621 36 557 913 839 589 246 881 646 170 97 848 258 83 506 
1 621 36 557 913 839 589 246 881 646 170 97 848 258 83 506 463 
1 621 36 557 913 839 589 246 881 646 170 97 848 258 83 506 463 59 
1 621 36 557 913 839 589 246 881 646 170 97 848 258 83 506 463 59 
1 621 36 557 913 839 589 246 881 646 170 97 848 258 83 506 463 59 471 
1 621 36 557 913 839 589 246 881 646 170 97 848 
1 621 36 557 913 839 589 246 881 646 170 
1 621 36 557 913 839 589 246 881 646 170 538 
1 621 36 557 913 839 589 246 881 646 170 538 
1 621 36 557 913 839 589 246 881 646 170 538 848 
1 621 36 557 913 839 589 246 881 646 170 538 848 152 
1 621 36 557 913 839 589 246 881 646 170 538 848 152 
1 621 36 557 913 839 589 246 881 646 170 538 848 152 
1 621 36 557 913 839 589 246 881 646 170 538 848 152 
1 621 36 557 913 839 589 246 881 646 170 538 848 152 153 
1 621 36 557 913 839 589 246 881 646 170 538 848 152 153 108 
1 621 36 557 913 839 589 246 881 646 170 538 848 152 153 
1 621 36 557 913 839 589 246 881 646 170 538 848 152 153 551 
1 621 36 557 913 839 589 246 881 646 170 538 848 152 153 551 
1 621 36 557 913 839 589 246 881 646 170 538 848 152 153 551 159 
1 621 36 557 913 839 589 246 881 646 170 538 848 
1 621 36 557 913 839 589 246 881 646 170 538 848 
1 621 36 557 913 839 589 246 881 646 
1 621 36 557 913 839 589 246 881 646 
1 621 36 557 913 839 589 246 881 646 448 
1 621 36 557 913 839 589 246 881 646 448 494 
1 621 36 557 913 839 589 246 881 646 448 494 426 
1 621 36 557 913 839 589 246 881 646 448 494 
1 621 36 557 913 839 589 246 881 646 448 494 466 
1 621 36 557 913 839 589 246 881 646 448 
1 621 36 557 913 839 589 246 881 646 448 
1 621 36 557 913 839 589 246 881 646 448 688 
1 621 36 557 913 839 589 246 881 646 448 688 97 
1 621 36 557 913 839 589 246 881 646 448 688 97 
1 621 36 557 913 839 589 246 881 646 448 688 97 
1 621 36 557 913 839 589 246 881 646 448 688 97 539 
1 621 36 557 913 839 589 246 881 646 448 688 
1 621 36 557 913 839 589 246 881 646 448 688 152 
1 621 36 557 913 839 589 246 881 646 448 688 152 
1 621 36 557 913 839 589 246 881  
1 621 36 557 913 839 589 246 881 846 
1 621 36 557 913 839 589 246 881 846 494 
1 621 36 557 913 839 589 246 881 846 494 426 
1 621 36 557 913 839 589 246 881 846 494 426 916 
1 621 36 557 913 839 589 246 881 846 494 426 916 
1 621 36 557 913 839 589 246 881 846 494 426 916 
1 621 36 557 913 839 589 246 881 846 494 
1 621 36 557 913 839 589 246 881 846 494 466 
1 621 36 557 913 839 589 246 881 846 494 466 916 
1 621 36 557 913 839 589 246 881 846 494 466 916 
1 621 36 557 913 839 589 246 881 846 
1 621 36 557 913 839 589 246 881 
1 621 36 557 913 839 589 246 881 884 
1 621 36 557 913 839 589 246 881 884 604 
1 621 36 557 913 839 589 246 881 884 604 145 
1 621 36 557 913 839 589 246 881 884 604 145 27 
1 621 36 557 913 839 589 246 881 884 604 145 27 280 
1 621 36 557 913 839 589 246 881 884 604 145 27 280 360 
1 621 36 557 913 839 589 246 881 884 604 145 27 280 360 
1 621 36 557 913 839 589 246 881 884 604 145 27 280 360 612 
1 621 36 557 913 839 589 246 881 884 604 145 27 280 360 612 
1 621 36 557 913 839 589 246 881 884 604 145 27 280 360 
1 621 36 557 913 839 589 246 881 884 604 145 27 280 360 926 
1 621 36 557 913 839 589 246 881 884 604 145 27 280 360 926 576 
1 621 36 557 913 839 589 246 881 884 604 145 27 280 360 926 
1 621 36 557 913 839 589 246 881 884 604 145 27 280 360 926 616 
1 621 36 557 913 839 589 246 881 884 604 145 27 
1 621 36 557 913 839 589 246 881 884 604 145 
1 621 36 557 913 839 589 246 881 884 604 145 
1 621 36 557 913 839 589 246 881 884 604 145 
1 621 36 557 913 839 589 246 881 884 604 145 
1 621 36 557 913 839 589 246 881 884 604 145 852 
1 621 36 557 913 839 589 246 881 884 604 
1 621 36 557 913 839 589 246 881 884 604 
1 621 36 557 913 839 589 246 881 884 604 315 
1 621 36 557 913 839 589 246 881 884 604 315 265 
1 621 36 557 913 839 589 246 881 884 604 315 265 250 
1 621 36 557 913 839 589 246 881 884 604 315 265 250 27 
1 621 36 557 913 839 589 246 881 884 604 315 265 250 27 360 
1 621 36 557 913 839 589 246 881 884 604 315 265 250 27 360 
1 621 36 557 913 839 589 246 881 884 604 315 265 250 27 360 
1 621 36 557 913 839 589 246 881 884 604 315 265 250 27 360 648 
1 621 36 557 913 839 589 246 881 884 604 315 265 250 27 360 648 97 
1 621 36 557 913 839 589 246 881 884 604 315 265 250 27 360 648 97 540 
1 621 36 557 913 839 589 246 881 884 604 315 265 250 27 360 648 97 540 
1 621 36 557 913 839 589 246 881 884 604 315 265 250 27 360 648 97 540 
1 621 36 557 913 839 589 246 881 884 604 315 265 250 27 360 648 97 540 499 
1 621 36 557 913 839 589 246 881 884 604 315 265 250 27 360 648 97 540 499 23 
1 621 36 557 913 839 589 246 881 884 604 315 265 250 27 360 648 97 540 499 23 
1 621 36 557 913 839 589 246 881 884 604 315 265 250 27 360 648 97 540 499 23 411 
1 621 36 557 913 839 589 246 881 884 604 315 265 250 27 360 648 97 540 499 23 411 188 
1 621 36 557 913 839 589 246 881 884 604 315 265 250 27 360 648 97 540 499 
1 621 36 557 913 839 589 246 881 884 604 315 265 250 27 360 648 97 540 499 
1 621 36 557 913 839 589 246 881 884 604 315 265 250 27 360 648 97 540 499 
1 621 36 557 913 839 589 246 881 884 604 315 265 250 27 360 648 
1 621 36 557 913 839 589 246 881 884 604 315 265 250 27 360 648 454 
1 621 36 557 913 839 589 246 881 884 604 315 265 250 27 360 648 454 
1 621 36 557 913 839 589 246 881 884 604 315 265 250 27 360 648 454 864 
1 621 36 557 913 839 589 246 881 884 604 315 265 250 27 360 648 
1 621 36 557 913 839 589 246 881 884 604 315 265 250 27 360 
1 621 36 557 913 839 589 246 881 884 604 315 265 250 27 360 688 
1 621 36 557 913 839 589 246 881 884 604 315 265 250 27 360 688 97 
1 621 36 557 913 839 589 246 881 884 604 315 265 250 27 360 688 97 540 
1 621 36 557 913 839 589 246 881 884 604 315 265 250 27 360 688 97 540 284 
1 621 36 557 913 839 589 246 881 884 604 315 265 250 27 360 688 97 540 284 
1 621 36 557 913 839 589 246 881 884 604 315 265 250 27 360 688 97 540 284 499 
1 621 36 557 913 839 589 246 881 884 604 315 265 250 27 360 688 97 540 284 499 379 
1 621 36 557 913 839 589 246 881 884 604 315 265 250 27 360 688 97 540 284 499 379 173 
1 621 36 557 913 839 589 246 881 884 604 315 265 250 27 360 688 97 540 284 499 379 173 278
